1403636579763555584.000000 0.000000000 0.000000000 0.000000000 0.000000000 0.000000000 0.000000000 1.000000000
1403636579813555456.000000 0.000339713 0.014730546 0.006731451 -0.001280681 -0.002694708 0.000714462 0.999995291
1403636580463555584.000000 -0.006963855 0.292196691 0.076434664 0.055347443 -0.003215228 0.002416410 0.998459041
1403636581963555584.000000 0.000736325 0.158617109 0.046136592 0.020774292 -0.018840471 0.010823512 0.999548078
1403636582963555584.000000 -0.006871540 -0.128338099 -0.024206975 -0.004420418 -0.039964546 0.004655495 0.999180496
1403636583063555584.000000 -0.003712371 -0.161304235 -0.034935009 -0.017991832 -0.041607454 0.005418674 0.998957336
1403636583963555584.000000 0.015529800 0.259768426 0.074065022 0.062471215 -0.030145552 0.010287406 0.997538328
1403636584613555456.000000 0.003972257 -0.007897602 0.019536536 0.032804321 -0.032342669 0.021309804 0.998711050
1403636584713555456.000000 0.003337512 -0.077161148 0.004866644 0.011484272 -0.039366003 0.019981109 0.998959064
1403636584813555456.000000 0.001910530 -0.136178508 -0.010411166 -0.006770894 -0.045019098 0.019358303 0.998775601
1403636584913555456.000000 0.000796908 -0.174971133 -0.021330021 -0.018582698 -0.045358174 0.015247588 0.998681545
1403636585013555456.000000 -0.001616303 -0.190305308 -0.029189685 -0.020541400 -0.048263066 0.011045697 0.998562336
1403636586313555456.000000 0.007223036 0.108238578 -0.012982775 0.156721741 -0.042507268 -0.010514003 0.986671627
1403636587613555456.000000 0.141675875 0.086647943 -0.006341020 0.197849438 -0.031970762 -0.016631126 0.979569733
1403636588113555456.000000 0.313872635 0.082782343 0.013041297 0.203304783 -0.065440327 -0.032513265 0.976384997
1403636589463555584.000000 -0.004351953 0.089527838 -0.032047216 0.196506545 -0.024630159 -0.016022224 0.980062187
1403636589663555584.000000 -0.099109694 0.094759092 -0.039487243 0.192372933 -0.018358922 -0.012579568 0.981069505
1403636589863555584.000000 -0.186617032 0.105447516 -0.045541342 0.197206706 -0.006056768 -0.009267662 0.980299413
1403636590113555456.000000 -0.258270621 0.115836360 -0.051130969 0.195751995 0.013767840 -0.008724084 0.980517983
1403636592213555456.000000 0.238954276 0.101433352 0.055439748 0.154575035 -0.101668790 -0.041470829 0.981860578
1403636592613555456.000000 0.235204518 0.064293079 0.164822385 0.158263311 -0.068384774 -0.036648273 0.984344006
1403636592813555456.000000 0.176348969 0.051355634 0.217012882 0.151707858 -0.026409166 -0.018434918 0.987900496
1403636593013555456.000000 0.072064668 0.050974950 0.223134547 0.163030103 0.032532152 -0.005742862 0.986067891
1403636593213555456.000000 -0.052230030 0.068870716 0.177569926 0.168426782 0.083369918 0.005791451 0.982165098
1403636593363555584.000000 -0.125408143 0.087102018 0.120584175 0.173432767 0.108258225 0.005073213 0.978864372
1403636593513555456.000000 -0.161463350 0.112177804 0.051640481 0.178968653 0.106686778 0.006958633 0.978028476
1403636593763555584.000000 -0.135214433 0.160698146 -0.047844660 0.196079940 0.066272467 -0.016557585 0.978205740
1403636593913555456.000000 -0.076835230 0.177503318 -0.094565816 0.190796420 0.012271606 -0.037670463 0.980829775
1403636594063555584.000000 0.000632720 0.182442367 -0.119328074 0.176034331 -0.049480904 -0.055893816 0.981549501
1403636594363555584.000000 0.174053639 0.171437532 -0.077198729 0.173603222 -0.128767461 -0.073338486 0.973602772
1403636594763555584.000000 0.291734964 0.116374508 0.097864404 0.143256560 -0.129429311 -0.062686078 0.979181349
1403636594963555584.000000 0.207860023 0.103715524 0.162809536 0.136346802 -0.078447156 -0.039776418 0.986748934
1403636595163555584.000000 0.051087968 0.108351946 0.174461514 0.140773088 0.000224198 -0.011329032 0.989977062
1403636595363555584.000000 -0.071671262 0.128423482 0.143960997 0.151129931 0.063730098 0.002790032 0.986453474
1403636595763555584.000000 -0.035337854 0.174454659 0.026955051 0.165605560 0.059014391 0.008391749 0.984389007
1403636595913555456.000000 0.048564941 0.193060696 -0.010988864 0.165297359 0.012377437 0.002522341 0.986162841
1403636596113555456.000000 0.135525748 0.218907580 -0.063182220 0.171783507 -0.046222154 -0.014894146 0.983937025
1403636596713555456.000000 -0.011311004 0.234632000 -0.254594296 0.161219865 -0.062372930 -0.017188592 0.984795570
1403636597563555584.000000 0.058323383 0.113735199 0.124010228 0.162643194 0.010170274 0.025458286 0.986304045
1403636598263555584.000000 -0.031749953 0.187318802 -0.005491839 0.175156415 0.071034290 0.051787995 0.980608165
1403636598563555584.000000 0.000815130 0.229562342 0.000347850 0.181326061 0.058076087 0.057704445 0.980009317
1403636598813555456.000000 0.025404366 0.241018295 0.089695118 0.133098796 0.085326366 0.054006275 0.985944986
1403636598963555584.000000 0.037383199 0.259319663 0.143656939 0.101042591 0.091095187 0.050191242 0.989430606
1403636599063555584.000000 0.043145571 0.272630662 0.171476379 0.084923968 0.094373830 0.048177332 0.990737319
1403636599163555584.000000 0.046180803 0.280571938 0.191053167 0.063051485 0.103012927 0.041794311 0.991799414
1403636624913555456.000000 0.119846277 0.323107958 0.215654865 0.013396237 0.061676838 0.052540269 0.996622324
1403636625063555584.000000 0.140283629 0.308159977 0.188461214 0.031605978 0.056585494 0.069723524 0.995458603
1403636625163555584.000000 0.147056952 0.287253201 0.169694453 0.039395973 0.058663335 0.066114970 0.995306671
1403636625363555584.000000 0.149910823 0.242909431 0.146700203 0.028778598 0.064761385 0.054574873 0.995991647
1403636625563555584.000000 0.149759367 0.251818240 0.151759177 0.036059543 0.066651367 0.055818673 0.995560944
1403636625813555456.000000 0.136615768 0.211846545 0.165853351 0.021135449 0.069758736 0.056428235 0.995742381
1403636626113555456.000000 0.108287171 0.067659184 0.167807311 0.004762789 0.077163354 0.041884378 0.996126890
1403636626313555456.000000 0.095090389 -0.008789032 0.164556384 0.003986719 0.081961505 0.029470095 0.996191680
1403636627213555456.000000 0.170654759 0.006709197 0.168175608 0.015467589 0.081882671 0.055189319 0.994992495
1403636627763555584.000000 0.225661874 -0.050092205 0.113966487 0.022805408 0.060283862 0.042597830 0.997011125
1403636628163555584.000000 0.274965644 -0.050492570 0.130649403 0.023961084 0.024347940 0.035382088 0.998789847
1403636628263555584.000000 0.284782320 -0.075342856 0.137968019 0.009543549 0.023257701 0.028017053 0.999291301
1403636628363555584.000000 0.293770134 -0.105709665 0.140137136 0.004149438 0.024266699 0.020562347 0.999485433
1403636628713555456.000000 0.348454863 -0.166553944 0.159172758 0.005748607 0.027305260 0.016057082 0.999481618
1403636628813555456.000000 0.373418033 -0.168017268 0.167213112 0.011337709 0.019649306 0.020867601 0.999524832
1403636629163555584.000000 0.468762130 -0.203159586 0.194418684 0.028553722 -0.006431788 0.022649039 0.999314904
1403636629263555584.000000 0.497036636 -0.219990283 0.206391439 0.025614465 -0.016739966 0.018619375 0.999358296
1403636629463555584.000000 0.553965509 -0.240865201 0.240529746 0.013995903 -0.030677099 0.002400981 0.999428451
1403636629663555584.000000 0.623728275 -0.235245600 0.286298931 0.020372760 -0.059521616 -0.012146892 0.997945189
1403636629713555456.000000 0.641214192 -0.230326101 0.300328314 0.025415057 -0.069901705 -0.012800396 0.997147918
1403636629763555584.000000 0.662242949 -0.221759334 0.316567123 0.029528141 -0.080778174 -0.014821463 0.996184349
1403636629963555584.000000 0.750307202 -0.196464404 0.378199071 0.037276655 -0.122778304 -0.025768615 0.991398990
1403636630113555456.000000 0.817318738 -0.199302420 0.428138554 0.030678861 -0.141990423 -0.029976424 0.988938272
1403636631363555584.000000 1.325740576 -0.435393155 0.875520468 0.010893795 -0.143033519 -0.023155222 0.989386976
1403636631713555456.000000 1.456295133 -0.428351939 1.025102496 0.012870840 -0.140467480 -0.017083507 0.989854217
1403636632113555456.000000 1.581167340 -0.471004814 1.171688080 0.011945783 -0.140266180 -0.011421462 0.989975870
1403636632463555584.000000 1.650693774 -0.498659164 1.308541298 0.012827910 -0.143532217 -0.014053556 0.989462674
1403636632713555456.000000 1.689933062 -0.484893829 1.421363711 0.031414431 -0.115978442 -0.030209744 0.992295086
1403636633163555584.000000 1.771590590 -0.529950738 1.631851792 0.018648027 -0.041133761 0.020798191 0.998763084
1403636633863555584.000000 1.901964784 -0.581261456 2.027153492 0.031472668 -0.031708606 0.007190381 0.998975635
1403636634363555584.000000 2.037782907 -0.709220409 2.353983402 0.021687210 -0.034128230 0.007595851 0.999153256
1403636634913555456.000000 2.200146675 -0.831308246 2.729660273 0.014019979 -0.011358675 0.028566120 0.999429047
1403636635563555584.000000 2.345532894 -0.984339833 3.147842884 0.028955096 0.010255727 0.021029443 0.999306858
1403636635913555456.000000 2.425169706 -1.142788172 3.382889986 0.018097809 0.011760877 0.004235298 0.999758065
1403636636113555456.000000 2.496624947 -1.235996485 3.507390261 0.032972012 0.007185478 0.013758264 0.999335766
1403636636213555456.000000 2.527953148 -1.289126754 3.583391905 0.026297815 0.003748382 0.023222690 0.999377370
1403636636313555456.000000 2.568385601 -1.350505710 3.647567272 0.014492743 0.002354539 0.028167326 0.999495387
1403636636463555584.000000 2.619208097 -1.440406442 3.753803253 -0.007964583 0.001753413 0.031643204 0.999465942
1403636636563555584.000000 2.656479359 -1.490759492 3.813060999 -0.011934569 -0.000359947 0.037829462 0.999212861
1403636636763555584.000000 2.719320059 -1.555703044 3.929716587 -0.011833870 -0.005745449 0.054528732 0.998425543
1403636636863555584.000000 2.743619680 -1.573865056 3.982037783 -0.009673045 -0.008347050 0.063941956 0.997871816
1403636637063555584.000000 2.768861294 -1.589988112 4.083766460 -0.000565243 0.001508149 0.042683002 0.999087393
1403636637363555584.000000 2.787882566 -1.593767643 4.221642971 0.018004879 0.007348725 0.034809951 0.999204695
1403636637663555584.000000 2.793805122 -1.650867701 4.344852924 0.024041167 0.011881047 0.032812335 0.999101698
1403636637863555584.000000 2.795260191 -1.727766633 4.417620182 0.018266594 0.013360444 0.034328856 0.999154329
1403636637913555456.000000 2.794119358 -1.745935202 4.441533566 0.015809461 0.013842348 0.034131911 0.999196410
1403636638013555456.000000 2.796801329 -1.783392787 4.477043152 0.011516593 0.014669263 0.033932984 0.999250054
1403636638113555456.000000 2.793761969 -1.802666783 4.524896622 0.007561859 0.015260918 0.033922356 0.999279320
1403636638313555456.000000 2.796212912 -1.815609813 4.614312649 0.007280499 0.016908262 0.032415390 0.999304950
1403636638413555456.000000 2.798315287 -1.810621381 4.658632278 0.023543930 0.020179665 0.022767970 0.999259770
1403636638713555456.000000 2.817497492 -1.808480024 4.814923763 0.044341661 0.020144057 0.024261422 0.998518586
1403636638913555456.000000 2.839877844 -1.860721231 4.934918880 0.026529271 0.020590911 0.026541481 0.999083459
1403636639063555584.000000 2.859323740 -1.916116357 5.025002956 0.023008876 0.025758291 0.012948017 0.999319494
1403636639163555584.000000 2.877092361 -1.945978403 5.084775448 0.023393547 0.028864585 0.004339123 0.999300122
1403636639313555456.000000 2.912292957 -1.962641001 5.190010548 0.024864430 0.028667152 0.004404157 0.999270022
1403636639413555456.000000 2.943689585 -1.961723566 5.263207912 0.025009928 0.024724722 0.016371733 0.999247313
1403636639563555584.000000 2.999928951 -1.959779859 5.375753880 0.021597546 0.018708676 0.037032861 0.998905480
1403636639613555456.000000 3.016610146 -1.956045985 5.416400433 0.019576572 0.017021829 0.042273544 0.998769224
1403636639713555456.000000 3.048099279 -1.955577970 5.493340492 0.012159331 0.017605253 0.043127093 0.998840451
1403636639813555456.000000 3.075226307 -1.960018635 5.567913055 0.006287728 0.019515119 0.038088739 0.999064028
1403636639913555456.000000 3.103401423 -1.972501278 5.638970852 0.004611213 0.021957364 0.033097330 0.999200284
1403636640063555584.000000 3.141635656 -1.997062922 5.734981537 0.003148702 0.025086092 0.034479864 0.999085546
1403636640163555584.000000 3.163803577 -2.019094706 5.796082020 0.002553329 0.032238834 0.040010437 0.998675764
1403636640363555584.000000 3.208637238 -2.074756145 5.896912575 0.004336864 0.046053421 0.046564586 0.997843683
1403636640663555584.000000 3.275799513 -2.111926556 6.040472984 0.004644619 0.055631928 0.050418396 0.997166753
1403636640813555456.000000 3.309253931 -2.118134499 6.111498833 0.007905327 0.057884410 0.051254880 0.996975362
1403636641413555456.000000 3.406928301 -2.161646843 6.348260403 0.008316764 0.059449241 0.039130684 0.997429430
1403636641663555584.000000 3.444994211 -2.155361176 6.442138195 0.007914074 0.055769600 0.045203216 0.997388482
1403636641813555456.000000 3.470789194 -2.169679165 6.486826420 0.006642584 0.054350074 0.047286682 0.997379541
1403636641963555584.000000 3.492693663 -2.197844267 6.520212173 0.004997423 0.050440714 0.045553543 0.997675121
1403636642063555584.000000 3.507611036 -2.220108032 6.538193226 0.002734369 0.041668851 0.041988939 0.998245060
1403636642213555456.000000 3.526348352 -2.251724243 6.560205460 0.000218967 0.029579921 0.039248277 0.998791516
1403636642813555456.000000 3.616955519 -2.244904280 6.656034946 0.022735860 -0.002703291 0.025155235 0.999421299
1403636643163555584.000000 3.662822485 -2.263816595 6.710414886 0.014753941 -0.002059238 0.021266978 0.999662876
1403636643263555584.000000 3.679816008 -2.267512560 6.727318287 0.011213960 -0.001254477 0.020630244 0.999723494
1403636643613555456.000000 3.735894918 -2.293503046 6.795552254 0.030787140 0.000820194 0.021839008 0.999287009
1403636643763555584.000000 3.760206699 -2.332897902 6.825891495 0.038513619 0.001951995 0.024282778 0.998961091
1403636643863555584.000000 3.781163454 -2.356962204 6.846061230 0.043828342 0.002216360 0.026273992 0.998691082
1403636644063555584.000000 3.817620754 -2.401564121 6.916472912 0.049228776 0.001974158 0.028153909 0.998388708
1403636644263555584.000000 3.856622458 -2.435161352 7.014074326 0.036018722 0.004370670 0.020872915 0.999123573
1403636644413555456.000000 3.883383274 -2.453847170 7.108122826 0.014650722 0.008919094 0.004378338 0.999843299
1403636644663555584.000000 3.956986904 -2.448025465 7.264066696 -0.000223910 0.011557645 -0.004504045 0.999923050
1403636644813555456.000000 4.025147915 -2.415592670 7.352849483 -0.001044038 0.002879260 0.020062486 0.999794066
1403636644913555456.000000 4.068627357 -2.393589497 7.411381721 0.003760325 -0.001305589 0.028056083 0.999598444
1403636645013555456.000000 4.112194061 -2.370529413 7.464976311 0.014290524 -0.002456282 0.028626626 0.999485016
1403636645063555584.000000 4.134058475 -2.358971357 7.489311695 0.025628889 -0.002531365 0.026345370 0.999321103
1403636645113555456.000000 4.151401997 -2.355843067 7.518345356 0.037637599 -0.002880522 0.024897279 0.998977125
1403636645413555456.000000 4.269981861 -2.368157864 7.693760395 0.051273208 -0.005249528 0.025225880 0.998352230
1403636645563555584.000000 4.324994564 -2.390735149 7.808820248 0.042785540 -0.006397530 0.025553903 0.998736918
1403636645813555456.000000 4.419273376 -2.430623770 8.020281792 0.036683276 -0.005910509 0.025259554 0.998990178
1403636645913555456.000000 4.451848984 -2.458149672 8.105169296 0.038003493 -0.005487829 0.023515221 0.998985827
1403636646063555584.000000 4.508769989 -2.524374247 8.234067917 0.025423240 -0.012004974 0.013665879 0.999511302
1403636646163555584.000000 4.547356129 -2.572432518 8.320302963 0.018103627 -0.026330683 0.003042029 0.999484718
1403636646213555456.000000 4.569203854 -2.595456839 8.366339684 0.014709610 -0.035483785 -0.003470697 0.999255955
1403636646313555456.000000 4.614107132 -2.638807535 8.452745438 0.006471320 -0.058637455 -0.017230887 0.998109639
1403636646413555456.000000 4.664119720 -2.675800800 8.539079666 -0.001241703 -0.085474417 -0.028540542 0.995930731
1403636646513555456.000000 4.715850353 -2.709340572 8.625238419 -0.011136994 -0.111161940 -0.028563928 0.993329287
1403636646563555584.000000 4.740221977 -2.730108976 8.663411140 -0.013475724 -0.121786423 -0.027796645 0.992075503
1403636646763555584.000000 4.844545841 -2.817056656 8.797652245 -0.007199864 -0.147766009 -0.029036002 0.988569796
1403636646863555584.000000 4.899647713 -2.860974550 8.850189209 -0.007877321 -0.154160306 -0.029419089 0.987576365
1403636647013555456.000000 4.971511841 -2.932112217 8.923566818 -0.003525850 -0.157842711 -0.030741481 0.986979365
1403636647113555456.000000 5.019663334 -2.969645739 8.970149040 0.002789397 -0.158363923 -0.030538185 0.986904502
1403636647263555584.000000 5.087441444 -3.017465591 9.040745735 0.007957838 -0.157327771 -0.030832285 0.987032950
1403636647413555456.000000 5.159043312 -3.053898096 9.108379364 0.003032226 -0.153485283 -0.033156138 0.987589836
1403636647563555584.000000 5.234468460 -3.078830719 9.172732353 -0.007226945 -0.147937000 -0.035944473 0.988316953
1403636647663555584.000000 5.279566288 -3.096918821 9.215012550 -0.013530004 -0.147248298 -0.038747840 0.988247693
1403636647813555456.000000 5.355469704 -3.128089428 9.263440132 -0.008871618 -0.152134761 -0.035571624 0.987679601
1403636647863555584.000000 5.385920048 -3.136243820 9.271631241 -0.006734612 -0.154539183 -0.036040116 0.987306118
1403636647963555584.000000 5.433718681 -3.148755312 9.301519394 -0.006557894 -0.165742457 -0.038250111 0.985405147
1403636648263555584.000000 5.605819225 -3.140238285 9.364962578 -0.005871871 -0.230374068 -0.058794580 0.971306622
1403636648513555456.000000 5.749912262 -3.096563816 9.403718948 -0.006141430 -0.295767277 -0.081135347 0.951788366
1403636648713555456.000000 5.856792450 -3.058228731 9.423795700 -0.002532841 -0.333456218 -0.091795295 0.938282549
1403636648863555584.000000 5.937671185 -3.054717541 9.411592484 0.015336481 -0.344423920 -0.100551285 0.933287978
1403636649213555456.000000 6.125871658 -3.106999397 9.387246132 0.003715314 -0.350148618 -0.092186540 0.932139337
1403636649563555584.000000 6.281874180 -3.236729383 9.346207619 0.001081427 -0.340351671 -0.086793080 0.936283350
1403636649813555456.000000 6.391578674 -3.336489677 9.301320076 -0.012451327 -0.350301474 -0.091270864 0.932096303
1403636650213555456.000000 6.532602787 -3.397309303 9.229282379 -0.015109953 -0.383668125 -0.096785888 0.918260813
1403636650463555584.000000 6.615652084 -3.373877764 9.165967941 -0.008056312 -0.437545568 -0.119260423 0.891215980
1403636651913555456.000000 6.760633469 -3.247404575 8.722433090 -0.026311997 -0.494472027 -0.147411987 0.856197894
1403636652163555584.000000 6.749986649 -3.193518877 8.621717453 -0.018729990 -0.547613442 -0.162824377 0.820522368
1403636652363555584.000000 6.741555214 -3.110209227 8.521620750 0.001132265 -0.602370441 -0.189092249 0.775495112
1403636652563555584.000000 6.724492550 -3.020832300 8.412013054 0.010533212 -0.635657012 -0.212229535 0.742150784
1403636652763555584.000000 6.722421646 -2.975030661 8.313996315 0.022601496 -0.649579525 -0.223958477 0.726208150
1403636653013555456.000000 6.748597145 -2.956675291 8.175722122 0.018457111 -0.654358983 -0.217409864 0.724021137
1403636653213555456.000000 6.789776802 -2.925484419 8.079613686 0.008243450 -0.654593647 -0.202853173 0.728209972
1403636653613555456.000000 6.873579502 -2.893406391 7.902368069 -0.001935341 -0.646215081 -0.186945811 0.739901066
1403636654263555584.000000 6.907822132 -2.817118406 7.657320023 -0.012103841 -0.651646674 -0.188642427 0.734591126
1403636654513555456.000000 6.885427475 -2.800286531 7.552832603 -0.003734225 -0.681104124 -0.201012805 0.704043388
1403636654763555584.000000 6.846913338 -2.797194958 7.445634365 0.000113486 -0.705824494 -0.220490441 0.673198164
1403636655113555456.000000 6.795608521 -2.753060341 7.328348160 -0.010062149 -0.724328995 -0.212981626 0.655656219
1403636655463555584.000000 6.715291023 -2.687653065 7.232497215 -0.023547057 -0.737471521 -0.212437868 0.640664876
1403636655713555456.000000 6.619238377 -2.645165443 7.157604218 -0.012908889 -0.751548350 -0.240718633 0.614054561
1403636655863555584.000000 6.558986664 -2.593371630 7.117163658 -0.009844861 -0.762272835 -0.254146457 0.595191360
1403636655963555584.000000 6.520403385 -2.548857450 7.091573238 -0.011447727 -0.772896111 -0.260866940 0.578315675
1403636656013555456.000000 6.500956059 -2.532560825 7.078184605 -0.012763687 -0.777788043 -0.263136476 0.570650578
1403636656113555456.000000 6.463932514 -2.493090868 7.043465137 -0.011621514 -0.786468685 -0.264446676 0.558032155
1403636656213555456.000000 6.426815033 -2.465770483 7.003091812 -0.006854092 -0.792257071 -0.265532672 0.549339771
1403636656313555456.000000 6.389631271 -2.449051142 6.957899570 -0.003560088 -0.795178771 -0.267275929 0.544280827
1403636656513555456.000000 6.322168827 -2.440218449 6.854387760 -0.001124893 -0.796245217 -0.269133031 0.541811526
1403636656663555584.000000 6.276204109 -2.444424629 6.772583485 -0.002938995 -0.797482789 -0.261390746 0.543771565
1403636656813555456.000000 6.235880852 -2.431556225 6.691727161 -0.014130319 -0.801012635 -0.243194669 0.546841264
1403636657113555456.000000 6.136847973 -2.369153500 6.557754517 -0.023504935 -0.799546421 -0.233750820 0.552750945
1403636657463555584.000000 5.969532490 -2.290930271 6.414297104 -0.022037022 -0.790982068 -0.256728709 0.554934323
1403636657763555584.000000 5.810524940 -2.200477600 6.281506538 -0.018896280 -0.789503694 -0.265765607 0.552897334
1403636658013555456.000000 5.675554276 -2.102321148 6.149431705 -0.023644632 -0.788921058 -0.279889792 0.546540201
1403636658413555456.000000 5.469181538 -1.984219313 5.874224186 0.004389157 -0.798749387 -0.265252620 0.540019631
1403636658963555584.000000 5.279490948 -1.779433608 5.529912472 0.012448491 -0.808516979 -0.241711646 0.536396086
1403636659863555584.000000 5.034209728 -1.448843122 5.233335018 0.002455978 -0.810630202 -0.241844535 0.533276498
1403636660463555584.000000 4.926470757 -1.213473320 5.174760342 0.032044232 -0.800552249 -0.280279785 0.528708339
1403636663363555584.000000 5.012479782 -0.892807901 5.786119938 0.016336098 -0.801659346 -0.280315518 0.527729690
1403636664763555584.000000 5.699090004 -0.743314862 6.150578976 -0.001242532 -0.798029959 -0.235364363 0.554752469
1403636665713555456.000000 6.217823505 -0.971835792 6.643047333 0.018017406 -0.791566789 -0.239062473 0.562091231
1403636665963555584.000000 6.353404999 -1.066977859 6.771370888 -0.010276007 -0.792378187 -0.243390650 0.559278250
1403636666313555456.000000 6.513691902 -1.153350592 6.969901562 -0.014599243 -0.794487059 -0.240422830 0.557471156
1403636666563555584.000000 6.604221821 -1.190901756 7.106140614 -0.016991889 -0.789872706 -0.248194024 0.560546279
1403636666763555584.000000 6.656471252 -1.244572520 7.199258804 0.004380909 -0.786591530 -0.253033817 0.563230395
1403636666863555584.000000 6.683482647 -1.275819421 7.242026806 0.007444962 -0.782361925 -0.262594789 0.564710855
1403636666913555456.000000 6.698194981 -1.280020356 7.261424541 0.002604016 -0.778223693 -0.272466600 0.565794230
1403636667113555456.000000 6.763230324 -1.316339493 7.340180874 -0.007137090 -0.776446283 -0.274809301 0.567062676
1403636667513555456.000000 6.899172783 -1.330403447 7.481419563 0.006614395 -0.786849797 -0.239851162 0.568590462
1403636667563555584.000000 6.915225506 -1.330381036 7.498121738 0.007225124 -0.784266651 -0.246800810 0.569177449
1403636667663555584.000000 6.944540977 -1.335611939 7.536460400 0.005277342 -0.779786944 -0.259104967 0.569885194
1403636668163555584.000000 7.122580528 -1.384851575 7.686643600 0.004508848 -0.783121169 -0.258443832 0.565603852
1403636668363555584.000000 7.208055973 -1.365885854 7.749443054 0.013415281 -0.786933899 -0.257495016 0.560581267
1403636668613555456.000000 7.317392826 -1.330351353 7.830687046 0.012080289 -0.791685164 -0.253617287 0.555667996
1403636668863555584.000000 7.439177990 -1.297971249 7.921881676 0.024040356 -0.799802363 -0.235597178 0.551572502
1403636669113555456.000000 7.578070164 -1.321675897 8.032518387 0.005361643 -0.801398098 -0.232509121 0.551064253
1403636669463555584.000000 7.740973949 -1.368227482 8.224899292 -0.003453709 -0.802479267 -0.232254177 0.549611807
1403636669663555584.000000 7.820837975 -1.376207709 8.358288765 -0.012728951 -0.805983484 -0.217456564 0.550400972
1403636669813555456.000000 7.863411427 -1.398699880 8.464497566 -0.026528003 -0.804664314 -0.216508269 0.552209914
1403636670013555456.000000 7.886697769 -1.448720574 8.609772682 -0.055704784 -0.789731264 -0.254485428 0.555390537
1403636670213555456.000000 7.872829437 -1.507059574 8.714043617 -0.073657058 -0.779871225 -0.265863895 0.561864674
1403636670313555456.000000 7.850961685 -1.534910321 8.754993439 -0.089993082 -0.774499297 -0.266200006 0.566735923
1403636670513555456.000000 7.779606342 -1.556478739 8.800255775 -0.099660575 -0.756176293 -0.274311841 0.585677505
1403636670713555456.000000 7.658967972 -1.579937935 8.775463104 -0.097061366 -0.730812430 -0.270556331 0.619105458
1403636670913555456.000000 7.496644020 -1.590676665 8.679167747 -0.105702102 -0.695493519 -0.265722096 0.659171939
1403636671163555584.000000 7.238254070 -1.584919333 8.441697121 -0.105029330 -0.642862141 -0.241274565 0.719363391
1403636671713555456.000000 6.584534645 -1.489442468 7.609211445 0.036647286 -0.579171777 -0.198734358 0.789760530
1403636672013555456.000000 6.326769352 -1.419072747 7.172525883 0.075275466 -0.569370747 -0.210024193 0.791227162
1403636672413555456.000000 6.191246033 -1.447751284 6.722330570 0.091683216 -0.590505302 -0.164299831 0.784795046
1403636675063555584.000000 6.632299423 -1.272951126 7.116848946 0.036109533 -0.467382699 -0.173642680 0.866081834
1403636675563555584.000000 6.931809902 -1.348943710 7.375942230 0.030688962 -0.471856296 -0.111843392 0.874014258
1403636675913555456.000000 7.115392685 -1.401684046 7.647891045 -0.006052187 -0.420703530 -0.113832809 0.900007784
1403636676363555584.000000 7.311863422 -1.384119511 7.997402191 0.027859213 -0.336309463 -0.061710622 0.939314425
1403636676613555456.000000 7.393082142 -1.397495866 8.202491760 0.029320015 -0.280589104 -0.047973454 0.958179891
1403636676913555456.000000 7.460413933 -1.484497666 8.451953888 0.015595183 -0.240992114 -0.064078793 0.968283772
1403636677313555456.000000 7.568950176 -1.523538709 8.797842026 0.009530968 -0.240487441 -0.037279010 0.969889283
1403636677713555456.000000 7.603050709 -1.585446954 9.101099014 -0.018672192 -0.181732759 -0.028250093 0.982764721
1403636677913555456.000000 7.591892242 -1.634201765 9.202138901 0.000887945 -0.127587169 -0.038891688 0.991064131
1403636678213555456.000000 7.610923767 -1.697274566 9.325081825 0.011921762 -0.068366028 -0.006083431 0.997570515
1403636678513555456.000000 7.645986080 -1.748949647 9.439550400 0.014944384 -0.020906564 0.017218173 0.999521434
1403636678813555456.000000 7.676488400 -1.821823597 9.536208153 0.013035498 0.039703105 0.066576742 0.996905863
1403636678963555584.000000 7.681026936 -1.840408802 9.585404396 0.013671767 0.065801658 0.095728084 0.993136108
1403636679113555456.000000 7.667420864 -1.847779632 9.631477356 0.009570884 0.098803580 0.101472124 0.989873528
1403636679263555584.000000 7.635245323 -1.844622374 9.672219276 0.002182159 0.141537771 0.088105746 0.986001849
1403636679813555456.000000 7.539815903 -1.915204525 9.733030319 0.005209387 0.246045187 0.106774688 0.963345110
1403636679963555584.000000 7.522861004 -1.965187073 9.730817795 -0.007098743 0.248358980 0.116387777 0.961624324
1403636680113555456.000000 7.511092186 -2.021210909 9.712121964 -0.016118709 0.240298823 0.139119357 0.960542798
1403636680263555584.000000 7.488934517 -2.067819595 9.680166245 -0.020145547 0.237512589 0.140928373 0.960896015
1403636680463555584.000000 7.446340084 -2.095329762 9.615691185 -0.016423963 0.225568011 0.157803744 0.961221755
1403636680713555456.000000 7.352688789 -2.086292744 9.502048492 -0.007074419 0.221580684 0.148436114 0.963752389
1403636680913555456.000000 7.253368378 -2.056894302 9.395703316 0.013317809 0.231995210 0.108900115 0.966509998
1403636681063555584.000000 7.176800251 -2.019074440 9.317492485 0.039193187 0.232235938 0.103487469 0.966343999
1403636681163555584.000000 7.127027035 -1.993235588 9.271364212 0.044805951 0.230271891 0.108847097 0.965981185
1403636681263555584.000000 7.075942993 -1.963742137 9.234911919 0.028331978 0.228968918 0.115835398 0.966101825
1403636681463555584.000000 6.961266041 -1.929099917 9.157815933 0.006870735 0.232307255 0.111384541 0.966219246
1403636681763555584.000000 6.793568611 -1.888545156 9.027521133 0.001997217 0.235433519 0.116939798 0.964827538
1403636682113555456.000000 6.595163345 -1.843757033 8.858478546 0.001693084 0.242940873 0.111854270 0.963569164
1403636682363555584.000000 6.452497005 -1.829679251 8.710616112 0.022093115 0.243450135 0.110707201 0.963321269
1403636682463555584.000000 6.398401737 -1.810931206 8.658509254 0.023007110 0.242717564 0.110193528 0.963543594
1403636682713555456.000000 6.260963440 -1.763398409 8.539150238 0.003554603 0.238531411 0.111088850 0.964753568
1403636683263555584.000000 5.971245766 -1.687720776 8.227743149 0.000015542 0.235332072 0.111685500 0.965476632
1403636683563555584.000000 5.809157372 -1.594106436 8.038475037 0.003457412 0.241354764 0.108004726 0.964401841
1403636683663555584.000000 5.755730629 -1.554156661 7.976717949 0.007239004 0.242357239 0.108400598 0.964084983
1403636683813555456.000000 5.678974152 -1.500737667 7.882323742 0.016184472 0.243609652 0.109284200 0.963560760
1403636683913555456.000000 5.631085396 -1.474220395 7.819438457 0.019250454 0.245299116 0.110111274 0.962981462
1403636684263555584.000000 5.463160515 -1.439538956 7.588929653 0.010018346 0.253082603 0.107483067 0.961403251
1403636684663555584.000000 5.289246559 -1.396195292 7.336211681 0.003169128 0.260849416 0.099324957 0.960251093
1403636684963555584.000000 5.196963787 -1.300215483 7.161838531 -0.000170582 0.258180708 0.108891413 0.959940255
1403636685113555456.000000 5.158166409 -1.254068613 7.068922997 0.001713999 0.253853172 0.116066277 0.960252166
1403636685213555456.000000 5.133820057 -1.231288075 7.003502846 0.006134088 0.251165241 0.117968880 0.960708976
1403636685363555584.000000 5.094945431 -1.208426237 6.896631718 0.008857304 0.245231539 0.123789489 0.961488008
1403636685463555584.000000 5.064789772 -1.192879558 6.825959206 0.009625738 0.243753746 0.120961517 0.962216079
1403636685613555456.000000 5.019272804 -1.160055757 6.721599579 0.011103908 0.243322253 0.115057386 0.963033140
1403636685763555584.000000 4.974372387 -1.115262866 6.622919559 0.008275439 0.241843715 0.116952419 0.963205695
1403636685863555584.000000 4.942222595 -1.078553915 6.557547092 0.004459470 0.240298584 0.120672673 0.963158786
1403636686013555456.000000 4.889105797 -1.019302607 6.458696842 0.009312576 0.242722750 0.114540666 0.963264942
1403636686063555584.000000 4.870981693 -1.000979781 6.425334930 0.012705842 0.243810013 0.112019025 0.963248134
1403636686213555456.000000 4.819075584 -0.955910027 6.322421551 0.015868111 0.244617909 0.108206756 0.963432193
1403636686313555456.000000 4.784569263 -0.936473548 6.252348900 0.018676894 0.244760960 0.106582895 0.963526487
1403636686613555456.000000 4.680784225 -0.883669376 6.061360836 0.024048466 0.244552016 0.108140610 0.963286877
1403636686863555584.000000 4.598373413 -0.820894361 5.931040764 0.018953435 0.246659309 0.106302470 0.963067889
1403636687013555456.000000 4.548838139 -0.798978448 5.852223873 0.015808482 0.248521730 0.103959329 0.962901592
1403636687113555456.000000 4.519631863 -0.792814672 5.798258305 0.015660213 0.249265581 0.102855042 0.962830365
1403636687313555456.000000 4.458828926 -0.780807495 5.697556019 0.012589985 0.249947920 0.103979632 0.962577641
1403636687613555456.000000 4.384653568 -0.718406796 5.566909313 0.007108511 0.252107888 0.102623157 0.962215960
1403636687813555456.000000 4.342499256 -0.648332357 5.489409447 0.006814216 0.254072070 0.101181753 0.961854041
1403636688113555456.000000 4.296278954 -0.507863343 5.383298397 0.004934079 0.250710756 0.113592431 0.961361825
1403636688363555584.000000 4.257365704 -0.411908031 5.283463955 0.007513064 0.253013730 0.108554460 0.961323857
1403636688863555584.000000 4.167076588 -0.198826045 5.079880714 0.009197950 0.251463026 0.128528744 0.959250808
1403636689263555584.000000 4.042184353 -0.089440517 4.889977932 0.025144404 0.279424369 0.121822141 0.952076197
1403636690063555584.000000 3.757152796 -0.149186611 4.615471840 0.046509780 0.293243974 0.095435470 0.950124681
1403636690863555584.000000 3.534066439 -0.272926241 4.748261452 0.034651067 0.300017208 0.062938169 0.951224327
1403636691313555456.000000 3.602131367 -0.312170029 4.972160339 -0.030441808 0.299799711 0.075764276 0.950501561
1403636691663555584.000000 3.817898273 -0.433204085 5.063066959 0.003925018 0.296683311 0.112152524 0.948359311
1403636692313555456.000000 4.271072865 -0.649070919 5.154287338 0.002598783 0.293193936 0.123569191 0.948030174
1403636692913555456.000000 4.651758194 -0.950370073 5.124076843 0.012485920 0.273903698 0.158603802 0.948507071
1403636693813555456.000000 4.887294769 -1.168262839 5.110233784 0.049354643 0.288683921 0.132460654 0.946931839
1403636693963555584.000000 4.888012886 -1.189412832 5.150172234 0.026008457 0.292061329 0.126587942 0.947628200
1403636694163555584.000000 4.887619019 -1.211917043 5.207313538 0.006674227 0.295573354 0.120532662 0.947662234
1403636694363555584.000000 4.888676167 -1.240704417 5.254793167 0.009642834 0.296057224 0.121135078 0.947408795
1403636694763555584.000000 4.892525196 -1.291437507 5.342587948 0.015195976 0.293547571 0.123103470 0.947863102
1403636695013555456.000000 4.898227215 -1.287896633 5.406718731 0.020509148 0.296849132 0.104742475 0.948940992
1403636695463555584.000000 4.934575558 -1.323420763 5.522840500 0.012697769 0.284317344 0.120310448 0.951066673
1403636695963555584.000000 4.965690613 -1.366340637 5.621107101 0.012948958 0.278222203 0.122820087 0.952543914
1403636696213555456.000000 4.977729797 -1.344841003 5.671018600 0.023912806 0.272839963 0.131024912 0.952795386
1403636696413555456.000000 4.968057632 -1.323623538 5.713017464 0.002025705 0.274446994 0.122701406 0.953739524
1403636696763555584.000000 4.962955952 -1.315609217 5.740877628 0.003579638 0.275414288 0.113797449 0.954559743
1403636697013555456.000000 4.972033024 -1.299047828 5.741378307 0.000675821 0.269368023 0.130931661 0.954095006
1403636697513555456.000000 4.917534351 -1.300545096 5.639404297 0.012337869 0.266877800 0.130658835 0.954752445
1403636697863555584.000000 4.827907085 -1.343279004 5.518660069 0.014551971 0.217247725 0.114346132 0.969286680
1403636698013555456.000000 4.784289837 -1.338987947 5.471720695 0.015689835 0.194042519 0.103321932 0.975410640
1403636699013555456.000000 4.413049221 -1.093743324 5.248407841 0.019639496 0.001792174 0.026478199 0.999454856
1403636699263555584.000000 4.316007614 -1.064335108 5.201274395 0.018528095 -0.063709214 -0.012086298 0.997723281
1403636699463555584.000000 4.251795292 -1.056662917 5.164918423 0.021016741 -0.116362490 -0.043866359 0.992015004
1403636700513555456.000000 4.225070477 -0.856115699 5.064608574 0.007214135 -0.247229680 -0.084435664 0.965244055
1403636701063555584.000000 4.342335701 -0.654068530 5.005975246 0.016389364 -0.293986410 -0.085162699 0.951866925
1403636702063555584.000000 4.618088722 -0.642315388 4.871800900 0.008519656 -0.320182145 -0.091561005 0.942882478
1403636702213555456.000000 4.668967724 -0.613176942 4.863644123 0.006054672 -0.350473970 -0.103372820 0.930830479
1403636702563555584.000000 4.783642769 -0.500602365 4.864480495 0.020574765 -0.389385611 -0.110232599 0.914223313
1403636702663555584.000000 4.815554619 -0.461096704 4.870747566 0.025555754 -0.393366158 -0.110588394 0.912348688
1403636703163555584.000000 4.991307735 -0.283671856 4.963810921 0.014271418 -0.390374333 -0.117381811 0.913031042
1403636704113555456.000000 5.379282475 -0.262088805 5.052383900 0.001853984 -0.381280243 -0.114458911 0.917344570
1403636704363555584.000000 5.480261803 -0.224947065 5.067703724 0.018751549 -0.379672319 -0.110165961 0.918346763
1403636704613555456.000000 5.591340065 -0.226104945 5.088398933 0.030753322 -0.378557146 -0.108671173 0.918661714
1403636704863555584.000000 5.712779045 -0.227622941 5.132278442 0.047047708 -0.375559330 -0.111016840 0.918921649
1403636704963555584.000000 5.766641140 -0.222489744 5.165678024 0.052849960 -0.373638809 -0.112407953 0.919219971
1403636705163555584.000000 5.885632992 -0.207832038 5.250398636 0.043191921 -0.374396086 -0.103926703 0.920413613
1403636705313555456.000000 5.984324932 -0.213433191 5.325352192 0.024462186 -0.376092345 -0.094197609 0.921456993
1403636705413555456.000000 6.042939663 -0.224163011 5.374299049 0.023084629 -0.376104534 -0.093923293 0.921515524
1403636705513555456.000000 6.105185032 -0.237383544 5.432072639 0.028433556 -0.375478268 -0.097463839 0.921253681
1403636705663555584.000000 6.192931175 -0.249281570 5.520446301 0.034558233 -0.375352502 -0.100138105 0.920808673
1403636705763555584.000000 6.253394604 -0.254287452 5.588564396 0.029624416 -0.375783443 -0.100099854 0.920809031
1403636705863555584.000000 6.315424919 -0.262250155 5.656300545 0.020761753 -0.374851793 -0.101437755 0.921284676
1403636705963555584.000000 6.377729416 -0.277039498 5.726209641 0.009844904 -0.372308403 -0.107422918 0.921818793
1403636706213555456.000000 6.536724567 -0.324708849 5.882338524 -0.004293174 -0.366802037 -0.112848200 0.923419237
1403636706363555584.000000 6.635097504 -0.330444187 5.970340729 0.007025331 -0.370184630 -0.096748978 0.923879623
1403636706713555456.000000 6.848712921 -0.348724306 6.173494816 0.024325751 -0.372088611 -0.089060023 0.923594415
1403636707013555456.000000 7.019282818 -0.420450747 6.353769302 0.028066328 -0.375602007 -0.094777741 0.921494782
1403636707163555584.000000 7.100282192 -0.468909591 6.451421261 0.022910416 -0.380050838 -0.093679830 0.919924200
1403636707263555584.000000 7.155324459 -0.502779365 6.520405769 0.023966357 -0.383174807 -0.094399355 0.918526769
1403636707463555584.000000 7.258459568 -0.591687977 6.657097340 0.027799025 -0.387226105 -0.095205612 0.916634619
1403636707663555584.000000 7.355771542 -0.707012057 6.800141335 0.026440872 -0.384486407 -0.107918166 0.916419506
1403636707863555584.000000 7.453508854 -0.789814413 6.961199760 0.021899750 -0.380403966 -0.116860464 0.917146027
1403636707963555584.000000 7.510151386 -0.814761817 7.049923420 0.018389693 -0.379173845 -0.114769779 0.917996168
1403636708113555456.000000 7.597337246 -0.835472524 7.180543423 0.015768483 -0.377818972 -0.106183656 0.919635355
1403636708313555456.000000 7.717076778 -0.847646713 7.364168644 0.005149221 -0.372430593 -0.109885484 0.921517313
1403636708463555584.000000 7.809662342 -0.858666778 7.492539883 -0.007148389 -0.365540355 -0.125435621 0.922277093
1403636708563555584.000000 7.870814323 -0.871282279 7.567739964 -0.010256272 -0.365458935 -0.125226080 0.922308505
1403636708663555584.000000 7.938359737 -0.882165432 7.637798309 -0.006649429 -0.370149910 -0.114066347 0.921918511
1403636708813555456.000000 8.035153389 -0.892247617 7.738432407 -0.001732594 -0.380379379 -0.091296121 0.920311630
1403636708913555456.000000 8.096881866 -0.895230532 7.801766396 -0.001223148 -0.385001481 -0.086295582 0.918871820
1403636709013555456.000000 8.152708054 -0.901263237 7.865323067 -0.004191506 -0.389213383 -0.083798960 0.917318404
1403636709163555584.000000 8.226064682 -0.919391632 7.950793266 -0.004979907 -0.395093918 -0.081173837 0.915033758
1403636709263555584.000000 8.263032913 -0.943307877 8.004939079 0.001723087 -0.396961451 -0.084059596 0.913976252
1403636709513555456.000000 8.333111763 -0.995139360 8.144409180 0.012484866 -0.397932321 -0.086700290 0.913223445
1403636709663555584.000000 8.363684654 -1.011939406 8.239051819 0.016349735 -0.397127748 -0.087951384 0.913393021
1403636709813555456.000000 8.391190529 -1.022166014 8.340346336 0.016993541 -0.394818246 -0.086915806 0.914480925
1403636710013555456.000000 8.408911705 -1.056069374 8.476396561 0.014945937 -0.391757727 -0.086043887 0.915914297
1403636710363555584.000000 8.410839081 -1.113927007 8.732757568 0.004765422 -0.378038198 -0.095439665 0.920845091
1403636710513555456.000000 8.401679993 -1.114582896 8.856108665 -0.002230095 -0.358889073 -0.108547837 0.927044272
1403636710713555456.000000 8.387893677 -1.102143407 9.004938126 -0.005076485 -0.332066685 -0.104438178 0.937442601
1403636710863555584.000000 8.383642197 -1.088631272 9.106555939 -0.001972288 -0.310556829 -0.083104946 0.946912944
1403636711113555456.000000 8.371721268 -1.091617942 9.249226570 0.006610058 -0.281207472 -0.048969962 0.958373904
1403636711463555584.000000 8.315732956 -1.146948218 9.429436684 -0.011212862 -0.268073201 -0.046067465 0.962231159
1403636711713555456.000000 8.245164871 -1.191376328 9.529757500 -0.024815844 -0.275549084 -0.037378136 0.960239410
1403636711963555584.000000 8.131995201 -1.239976645 9.592086792 -0.013623715 -0.273414761 -0.059835460 0.959936678
1403636712263555584.000000 7.980510235 -1.312471986 9.623699188 -0.010912095 -0.265373260 -0.065990165 0.961822867
1403636712713555456.000000 7.727784157 -1.457058430 9.588858604 -0.022373013 -0.222028524 -0.031362586 0.974278808
1403636713213555456.000000 7.389914989 -1.515669346 9.468111992 -0.012058647 -0.206525341 -0.035799686 0.977711737
1403636713463555584.000000 7.210664272 -1.569444776 9.358290672 -0.005967816 -0.205378175 -0.041496854 0.977784336
1403636713613555456.000000 7.103003502 -1.610882044 9.283035278 -0.004194270 -0.204309255 -0.050556198 0.977591038
1403636713763555584.000000 7.003689289 -1.639344215 9.202978134 -0.001749709 -0.203611195 -0.060963482 0.977150381
1403636714063555584.000000 6.828765869 -1.655001760 9.044086456 0.002636293 -0.212381944 -0.054488588 0.975662827
1403636714413555456.000000 6.658301353 -1.621432066 8.862138748 0.004375461 -0.218469620 -0.059514560 0.974017382
1403636714563555584.000000 6.591854095 -1.586410165 8.784598351 0.017027892 -0.210773051 -0.060779329 0.975495100
1403636714663555584.000000 6.550796986 -1.564733148 8.736507416 0.023443084 -0.198770911 -0.056617316 0.978128314
1403636714713555456.000000 6.532971859 -1.556011915 8.714216232 0.025571110 -0.190537930 -0.053542625 0.979884982
1403636714913555456.000000 6.462321758 -1.537401319 8.623497009 0.028981509 -0.149591908 -0.027110705 0.987951100
1403636715213555456.000000 6.372395992 -1.567972779 8.492044449 0.033818472 -0.096979462 -0.001143803 0.994710982
1403636715463555584.000000 6.308199406 -1.599020243 8.419996262 0.021473626 -0.080022596 -0.005857708 0.996544480
1403636716763555584.000000 6.164365292 -1.498281002 7.994859695 0.004437305 -0.087928951 -0.004048300 0.996108651
1403636716963555584.000000 6.143289089 -1.449702263 7.911858559 0.007106271 -0.053246342 0.006591111 0.998534381
1403636717213555456.000000 6.116751671 -1.414920449 7.791606426 0.008776254 -0.003880174 0.027570691 0.999573767
1403636717563555584.000000 6.074762344 -1.378681898 7.620429039 0.007591267 0.014235853 0.057680611 0.998204708
1403636717963555584.000000 5.968550205 -1.285099506 7.434764862 0.008500356 0.031592593 0.065884583 0.997290790
1403636718363555584.000000 5.782386780 -1.220529437 7.223072529 0.013071629 0.102669783 0.067433968 0.992341042
1403636718763555584.000000 5.590857506 -1.076187134 7.055051327 0.020051047 0.162507534 0.059044238 0.984735012
1403636719013555456.000000 5.493290901 -0.981001139 6.968752861 0.014013113 0.167242214 0.084096797 0.982222676
1403636719963555584.000000 5.190608978 -0.763350606 6.565154076 0.013303488 0.156552479 0.070152074 0.985085309
1403636721163555584.000000 5.040572166 -0.541199565 6.137631893 0.009354682 0.110050097 0.049604822 0.992643356
1403636721613555456.000000 5.052861691 -0.502944589 6.010100842 0.006281841 0.054549858 0.036684200 0.997817159
1403636722263555584.000000 5.093609810 -0.406303644 5.808753967 0.007260859 0.040271491 0.043237559 0.998226404
1403636723263555584.000000 5.068738937 -0.303418696 5.458289146 0.008473710 0.026207004 0.035065856 0.999005377
1403636723563555584.000000 5.047202110 -0.273716062 5.356199265 -0.005036968 0.003247106 0.034073003 0.999401391
1403636723913555456.000000 5.011348248 -0.253745139 5.204224110 0.007228147 -0.019744262 0.017925281 0.999618232
1403636724113555456.000000 4.991269112 -0.224362060 5.118719578 0.023147341 -0.034960039 0.011541560 0.999053955
1403636724213555456.000000 4.982853413 -0.201656669 5.082015038 0.024130479 -0.049326897 0.007006593 0.998466551
1403636724313555456.000000 4.975201607 -0.179600164 5.052693844 0.022695901 -0.067542851 0.002771106 0.997454345
1403636724663555584.000000 4.942331791 -0.137556657 4.954487801 0.008315537 -0.116002813 -0.008725435 0.993175745
1403636728513555456.000000 4.567551613 -0.648704708 3.833907366 0.000587237 -0.091707245 -0.016048312 0.995656490
1403636729163555584.000000 4.392678261 -0.611270905 3.592905760 -0.003152458 -0.038600873 0.024314629 0.998953879
1403636729413555456.000000 4.321755409 -0.570664525 3.490573883 -0.000469849 -0.029876227 0.023604508 0.999274731
1403636729663555584.000000 4.244936943 -0.541025996 3.374742031 0.001217590 -0.027927546 0.022950569 0.999345720
1403636729863555584.000000 4.179342747 -0.534976125 3.272105217 0.007494094 -0.028818158 0.021735189 0.999320209
1403636730113555456.000000 4.097685337 -0.505005836 3.148424387 0.014348816 -0.028069867 0.019768104 0.999307454
1403636730363555584.000000 4.019325256 -0.454903990 3.042990923 0.015586118 -0.026138123 0.017856833 0.999377310
1403636730513555456.000000 3.969637156 -0.420140654 2.987016678 0.024250146 -0.026095811 0.019279763 0.999179244
1403636730663555584.000000 3.924670935 -0.402918279 2.930883884 0.032665491 -0.024829343 0.017276455 0.999008536
1403636731113555456.000000 3.790903091 -0.447375923 2.813940287 0.021944685 -0.017644428 -0.008763836 0.999565065
1403636732013555456.000000 3.734254360 -0.343560874 2.728319645 0.007450698 -0.025081247 0.010473978 0.999602795
1403636732413555456.000000 3.749701023 -0.233497992 2.698376179 0.001207221 -0.026373334 0.020518640 0.999440849
1403636732913555456.000000 3.716870070 -0.212287053 2.563007355 -0.014639428 -0.026445141 0.030865492 0.999066412
1403636733113555456.000000 3.678226233 -0.187019184 2.477884531 -0.003046437 -0.024670048 0.029132230 0.999266446
1403636733313555456.000000 3.630198717 -0.184222892 2.378067255 0.000072948 -0.023979712 0.031601511 0.999212861
1403636733613555456.000000 3.537290096 -0.208199993 2.209490776 0.011762363 -0.020442696 0.025487274 0.999396861
1403636733813555456.000000 3.477545500 -0.205882475 2.103680849 0.016353514 -0.019305890 0.024224943 0.999386311
1403636734213555456.000000 3.350070238 -0.161935821 1.920009851 0.005224866 -0.020817231 0.027064901 0.999403238
1403636734713555456.000000 3.171465158 -0.157640427 1.673232675 0.018986879 -0.014481787 0.022778124 0.999455333
1403636735113555456.000000 3.039903641 -0.100672223 1.525597334 0.019830970 -0.011189761 0.022966525 0.999476910
1403636736163555584.000000 2.766598463 -0.177951515 1.250496984 0.011253085 -0.011634042 0.020386659 0.999661148
1403636736513555456.000000 2.688389540 -0.240256622 1.187096834 0.007346438 0.017677138 0.042120542 0.998929143
1403636737213555456.000000 2.481619358 -0.185937583 1.072432637 0.005378300 0.037783626 0.041781921 0.998397589
1403636738063555584.000000 2.226052761 -0.212000445 0.896648884 0.023637187 0.050228138 0.025343142 0.998136342
1403636740963555584.000000 2.575131178 0.097409733 1.000302553 0.004896641 -0.228535235 -0.049348302 0.972271800
1403636741663555584.000000 2.647712708 0.396742702 1.026897907 0.024727093 -0.252376020 -0.073187448 0.964540541
1403636743413555456.000000 2.851480722 0.724017680 1.242606640 0.048322681 -0.247598231 -0.080328070 0.964317083
1403636744013555456.000000 3.035893202 0.819328070 1.483151913 0.004870673 -0.270972043 -0.067523107 0.960203648
1403636744463555584.000000 3.166487694 1.011495709 1.703447819 -0.006675466 -0.290707320 -0.087366737 0.952791572
1403636744713555456.000000 3.236329079 1.166144371 1.819099784 -0.016198598 -0.287328184 -0.093551487 0.953115046
1403636744763555584.000000 3.251806974 1.200661421 1.839102745 -0.015704203 -0.289030343 -0.088181451 0.953120589
1403636744963555584.000000 3.310310364 1.329140425 1.902649999 -0.003579959 -0.291453183 -0.077790223 0.953410149
1403636745063555584.000000 3.336553097 1.380395293 1.926133275 0.004740222 -0.288906425 -0.078169614 0.954148889
1403636745163555584.000000 3.362915516 1.421626091 1.949461937 0.010792950 -0.284261346 -0.080899827 0.955266595
1403636745463555584.000000 3.445517063 1.507194161 2.014418125 0.000107216 -0.275843412 -0.067254990 0.958846807
1403636745963555584.000000 3.546882868 1.507708073 2.066545010 -0.002290124 -0.302207887 -0.062176067 0.951209366
1403636746263555584.000000 3.556356668 1.438365102 2.070727587 -0.004137530 -0.318807393 -0.056329198 0.946135163
1403636747263555584.000000 3.394477367 1.314831376 2.152805805 0.009166407 -0.298834234 -0.074679241 0.951334357
1403636747963555584.000000 3.327267885 1.079630136 2.261528730 0.002690754 -0.308814198 -0.093292743 0.946532130
1403636748463555584.000000 3.303226233 0.924727499 2.341425896 0.008278294 -0.318270952 -0.081390880 0.944463134
1403636748963555584.000000 3.303123474 0.766705036 2.411106348 -0.005087637 -0.316636413 -0.104425326 0.942767620
1403636749363555584.000000 3.345519066 0.686471105 2.434520483 -0.005639792 -0.328699052 -0.097686678 0.939352155
1403636749613555456.000000 3.380298376 0.611864090 2.415968418 0.001632858 -0.336251795 -0.075596817 0.938731670
1403636749813555456.000000 3.396131754 0.563851416 2.409253120 -0.006916316 -0.333692610 -0.073948123 0.939751625
1403636750463555584.000000 3.355118990 0.483017564 2.348438025 -0.003883464 -0.313001961 -0.076264150 0.946677566
1403636750713555456.000000 3.309587240 0.390880048 2.282479048 -0.000812891 -0.305584788 -0.072164163 0.949425936
1403636751663555584.000000 3.089349985 -0.045979112 2.058166504 0.002175216 -0.291690648 -0.096028060 0.951677680
1403636752013555456.000000 3.060943365 -0.156137258 2.003377676 0.027898151 -0.281612545 -0.084073022 0.955430686
1403636752313555456.000000 3.071284294 -0.254211009 1.982631564 0.006894491 -0.270542711 -0.067914873 0.960284710
1403636752463555584.000000 3.076318741 -0.312416881 1.969691157 -0.000502202 -0.248175755 -0.059247296 0.966901422
1403636752863555584.000000 3.073937178 -0.444794476 1.930041075 0.010159125 -0.166214287 -0.026281454 0.985687017
1403636753313555456.000000 3.051400661 -0.454012811 1.914206147 0.013223587 -0.063189998 0.032979991 0.997368753
1403636753913555456.000000 2.932037354 -0.457484812 1.912629366 0.005103847 -0.009851354 0.031364679 0.999446452
1403636754563555584.000000 2.737184048 -0.490512222 1.829142690 -0.005248853 -0.014273568 0.038747735 0.999133289
1403636754863555584.000000 2.608184099 -0.473695219 1.742562413 -0.002152622 0.028812604 0.051170330 0.998271883
1403636755463555584.000000 2.312272072 -0.409576952 1.526378155 0.022644382 0.058918070 0.059397597 0.996236861
1403636755963555584.000000 2.038774252 -0.368916661 1.349430084 0.009271511 0.055906851 0.053626508 0.996951699
1403636756363555584.000000 1.795347691 -0.353567332 1.215584278 0.002863341 0.056894165 0.053725254 0.996929526
1403636756663555584.000000 1.614098907 -0.315808922 1.106372952 0.001289144 0.059862174 0.054231320 0.996731579
1403636757013555456.000000 1.401022434 -0.289452851 0.952611387 -0.000602275 0.063665845 0.053796034 0.996520102
1403636757213555456.000000 1.279770970 -0.272513211 0.849296927 0.000132394 0.064900562 0.051859885 0.996543229
1403636757363555584.000000 1.196976542 -0.243152410 0.773241520 0.001982163 0.065041751 0.054970007 0.996365368
1403636757563555584.000000 1.076729298 -0.190439701 0.672551334 0.011707398 0.067413963 0.062964983 0.995667458
1403636757763555584.000000 0.953802049 -0.169505134 0.561568916 0.035598807 0.081195876 0.068864375 0.993678868
1403636757863555584.000000 0.886924028 -0.171026811 0.509144306 0.042248033 0.087612063 0.069396116 0.992836058
1403636757913555456.000000 0.851415694 -0.174965978 0.486237943 0.042315766 0.090461299 0.069020323 0.992603779
1403636758013555456.000000 0.783096671 -0.189664319 0.440871924 0.031625468 0.095522888 0.067045331 0.992663145
1403636758113555456.000000 0.713201523 -0.204126582 0.402699143 0.017951714 0.099764995 0.064269342 0.992770910
1403636758313555456.000000 0.577057958 -0.211968690 0.332025528 0.003839717 0.104009300 0.059646379 0.992778718
1403636758463555584.000000 0.479426414 -0.194821119 0.287460953 0.021228701 0.106082700 0.053191766 0.992706597
1403636758713555456.000000 0.335449040 -0.156415403 0.229765102 0.048851114 0.110478923 0.035347506 0.992047668
1403636758963555584.000000 0.219730645 -0.126751140 0.217057809 0.011853244 0.104768910 0.048897728 0.993223011
1403636759263555584.000000 0.108292140 -0.075856552 0.209606245 0.008512438 0.118491441 0.011278852 0.992854536
1403636759363555584.000000 0.086135305 -0.051126339 0.211253613 0.006963839 0.117682770 0.015583740 0.992904544
1403636759863555584.000000 0.060928132 0.063091293 0.197305977 0.001113542 0.107137479 0.057787392 0.992562830
1403636759963555584.000000 0.060344238 0.074540570 0.184416175 0.011761745 0.106604218 0.059338465 0.992459655
1403636760113555456.000000 0.059364133 0.094101764 0.166002989 0.025519118 0.105922714 0.058527399 0.992322385
1403636760363555584.000000 0.057311580 0.127916753 0.151637957 0.006377774 0.106523179 0.055428129 0.992743611
1403636760513555456.000000 0.059099779 0.155517504 0.144028634 0.002362187 0.105163299 0.060417112 0.992615163
1403636760713555456.000000 0.060942456 0.196980909 0.129858017 0.019795259 0.103407271 0.068169460 0.992102802
1403636761213555456.000000 0.028869392 0.279861212 0.094376482 0.040128823 0.105249092 0.069861695 0.991176903
1403636761313555456.000000 0.015816284 0.291823328 0.092407465 0.046271462 0.105070285 0.070162617 0.990906835
1403636761413555456.000000 -0.000151442 0.297195941 0.095296271 0.036417250 0.105808020 0.068737105 0.991339326
1403636761613555456.000000 -0.035229538 0.295196474 0.107671149 0.009874472 0.106391698 0.064765178 0.992163658
1403636761863555584.000000 -0.076101623 0.281822801 0.112733901 0.008377390 0.113012165 0.039547883 0.992770910
1403636762213555456.000000 -0.098009437 0.260053456 0.110530384 0.009499890 0.094575353 0.086182348 0.991734743
1403636762313555456.000000 -0.110397242 0.256380498 0.106252216 0.025721781 0.094322577 0.083808549 0.991674244
1403636762463555584.000000 -0.137302026 0.262509435 0.108227365 0.039527010 0.098876454 0.068314463 0.991964817
1403636762563555584.000000 -0.158939838 0.271200746 0.117080152 0.032137241 0.108457819 0.039519403 0.992795229
